[gd_scene load_steps=19 format=3 uid="uid://c27trc6nyqt7x"]

[ext_resource type="Script" path="res://level.gd" id="1_kd0pj"]
[ext_resource type="PackedScene" uid="uid://b3ascd1ptw5ao" path="res://player.tscn" id="1_qctv7"]
[ext_resource type="PackedScene" uid="uid://c10xk543rbsac" path="res://street_lantern.tscn" id="4_rg0dv"]
[ext_resource type="PackedScene" uid="uid://x5hsq0t5t4bq" path="res://large_tree.tscn" id="4_uou55"]
[ext_resource type="PackedScene" uid="uid://sfxvhcb2ghrs" path="res://coin.tscn" id="5_cos7q"]
[ext_resource type="PackedScene" uid="uid://6u7xw5fhcadu" path="res://short_bush.tscn" id="5_eqkcl"]
[ext_resource type="PackedScene" uid="uid://6105p1uovw4l" path="res://tall_bush.tscn" id="6_etw86"]
[ext_resource type="PackedScene" uid="uid://b2hkndijong3t" path="res://fountain.tscn" id="7_satwi"]

[sub_resource type="ProceduralSkyMaterial" id="ProceduralSkyMaterial_r5wrx"]
sky_horizon_color = Color(0.64625, 0.65575, 0.67075, 1)
ground_horizon_color = Color(0.64625, 0.65575, 0.67075, 1)

[sub_resource type="Sky" id="Sky_61wgn"]
sky_material = SubResource("ProceduralSkyMaterial_r5wrx")

[sub_resource type="Environment" id="Environment_yajem"]
background_mode = 2
sky = SubResource("Sky_61wgn")
ambient_light_color = Color(1, 1, 1, 1)
tonemap_mode = 2
glow_enabled = true
fog_enabled = true
fog_light_energy = 3.45
fog_sun_scatter = 0.1
fog_density = 0.019
fog_aerial_perspective = 0.189
fog_sky_affect = 0.28
fog_height = 92.26
fog_height_density = 0.0015

[sub_resource type="PhysicsMaterial" id="PhysicsMaterial_m8ifk"]

[sub_resource type="StandardMaterial3D" id="StandardMaterial3D_6ybms"]
albedo_color = Color(0, 0.498039, 0, 1)

[sub_resource type="BoxMesh" id="BoxMesh_e1g00"]
material = SubResource("StandardMaterial3D_6ybms")
size = Vector3(200, 0.5, 200)

[sub_resource type="BoxShape3D" id="BoxShape3D_78vhf"]
size = Vector3(200, 0.6, 200)

[sub_resource type="StandardMaterial3D" id="StandardMaterial3D_ibxio"]
albedo_color = Color(0, 0, 0.054902, 1)

[sub_resource type="BoxMesh" id="BoxMesh_h7d4f"]
material = SubResource("StandardMaterial3D_ibxio")
flip_faces = true
size = Vector3(60, 30, 60)

[sub_resource type="BoxShape3D" id="BoxShape3D_764lj"]

[node name="Level" type="Node3D"]
script = ExtResource("1_kd0pj")

[node name="WorldEnvironment" type="WorldEnvironment" parent="."]
environment = SubResource("Environment_yajem")

[node name="Floor" type="StaticBody3D" parent="."]
physics_material_override = SubResource("PhysicsMaterial_m8ifk")
metadata/_edit_group_ = true

[node name="MeshInstance3D" type="MeshInstance3D" parent="Floor"]
mesh = SubResource("BoxMesh_e1g00")

[node name="CollisionShape3D" type="CollisionShape3D" parent="Floor"]
shape = SubResource("BoxShape3D_78vhf")

[node name="DirectionalLight3D" type="DirectionalLight3D" parent="."]
transform = Transform3D(0.466157, 0.441605, 0.766605, -0.821689, -0.105055, 0.56017, 0.32791, -0.891038, 0.31389, 9.88254, 10.4302, 4.43455)

[node name="Player" parent="." instance=ExtResource("1_qctv7")]
transform = Transform3D(1, 0, 0, 0, 1, 0, 0, 0, 1, -1.69766, 0.284848, 6.75573)

[node name="GridMap" type="GridMap" parent="."]

[node name="MapItems" type="Node3D" parent="."]
metadata/_edit_group_ = true

[node name="Trees" type="Node3D" parent="MapItems"]

[node name="Tree1" parent="MapItems/Trees" instance=ExtResource("4_uou55")]
transform = Transform3D(1, 0, 0, 0, 1, 0, 0, 0, 1, 2.40128, 0, 0)

[node name="Tree2" parent="MapItems/Trees" instance=ExtResource("4_uou55")]
transform = Transform3D(1, 0, 0, 0, 1, 0, 0, 0, 1, 7.54682, 0, 3.90115)

[node name="Tree83" parent="MapItems/Trees" instance=ExtResource("4_uou55")]
transform = Transform3D(1, 0, 0, 0, 1, 0, 0, 0, 1, 9.57107, 0, 9.1574)

[node name="Tree3" parent="MapItems/Trees" instance=ExtResource("4_uou55")]
transform = Transform3D(1, 0, 0, 0, 1, 0, 0, 0, 1, 2.40128, 0, 6.2644)

[node name="Tree5" parent="MapItems/Trees" instance=ExtResource("4_uou55")]
transform = Transform3D(1, 0, 0, 0, 1, 0, 0, 0, 1, 12.9551, 0, -5.14553)

[node name="Tree6" parent="MapItems/Trees" instance=ExtResource("4_uou55")]
transform = Transform3D(1, 0, 0, 0, 1, 0, 0, 0, 1, 15.7095, 0, -1.24438)

[node name="Tree7" parent="MapItems/Trees" instance=ExtResource("4_uou55")]
transform = Transform3D(1, 0, 0, 0, 1, 0, 0, 0, 1, 12.9551, 0, 1.11887)

[node name="Tree8" parent="MapItems/Trees" instance=ExtResource("4_uou55")]
transform = Transform3D(1, 0, 0, 0, 1, 0, 0, 0, 1, 8.40067, 0, -1.8556)

[node name="Tree9" parent="MapItems/Trees" instance=ExtResource("4_uou55")]
transform = Transform3D(1, 0, 0, 0, 1, 0, 0, 0, 1, 11.7123, 0, -23.5411)

[node name="Tree97" parent="MapItems/Trees" instance=ExtResource("4_uou55")]
transform = Transform3D(1, 0, 0, 0, 1, 0, 0, 0, 1, 17.7893, 0, -26.9739)

[node name="Tree98" parent="MapItems/Trees" instance=ExtResource("4_uou55")]
transform = Transform3D(1, 0, 0, 0, 1, 0, 0, 0, 1, 25.5265, 0, -18.0173)

[node name="Tree99" parent="MapItems/Trees" instance=ExtResource("4_uou55")]
transform = Transform3D(1, 0, 0, 0, 1, 0, 0, 0, 1, 26.4759, 0, -10.5982)

[node name="Tree10" parent="MapItems/Trees" instance=ExtResource("4_uou55")]
transform = Transform3D(1, 0, 0, 0, 1, 0, 0, 0, 1, 16.8924, 0, -18.8117)

[node name="Tree90" parent="MapItems/Trees" instance=ExtResource("4_uou55")]
transform = Transform3D(1, 0, 0, 0, 1, 0, 0, 0, 1, 25.9682, 0, -25.959)

[node name="Tree11" parent="MapItems/Trees" instance=ExtResource("4_uou55")]
transform = Transform3D(1, 0, 0, 0, 1, 0, 0, 0, 1, 11.6477, 0, -16.8167)

[node name="Tree12" parent="MapItems/Trees" instance=ExtResource("4_uou55")]
transform = Transform3D(1, 0, 0, 0, 1, 0, 0, 0, 1, 6.37265, 0, -16.6896)

[node name="Tree81" parent="MapItems/Trees" instance=ExtResource("4_uou55")]
transform = Transform3D(1, 0, 0, 0, 1, 0, 0, 0, 1, 10.7402, 0, -10.4448)

[node name="Tree13" parent="MapItems/Trees" instance=ExtResource("4_uou55")]
transform = Transform3D(1, 0, 0, 0, 1, 0, 0, 0, 1, 1.58518, 0, -14.0598)

[node name="Tree14" parent="MapItems/Trees" instance=ExtResource("4_uou55")]
transform = Transform3D(1, 0, 0, 0, 1, 0, 0, 0, 1, 4.33961, 0, -10.9754)

[node name="Tree82" parent="MapItems/Trees" instance=ExtResource("4_uou55")]
transform = Transform3D(1, 0, 0, 0, 1, 0, 0, 0, 1, 5.01987, 0, -6.1202)

[node name="Tree15" parent="MapItems/Trees" instance=ExtResource("4_uou55")]
transform = Transform3D(1, 0, 0, 0, 1, 0, 0, 0, 1, -0.328503, 0, -6.17828)

[node name="Tree16" parent="MapItems/Trees" instance=ExtResource("4_uou55")]
transform = Transform3D(1, 0, 0, 0, 1, 0, 0, 0, 1, -2.96923, 0, -10.7699)

[node name="Tree17" parent="MapItems/Trees" instance=ExtResource("4_uou55")]
transform = Transform3D(1, 0, 0, 0, 1, 0, 0, 0, 1, -11.5573, 0, -14.0598)

[node name="Tree91" parent="MapItems/Trees" instance=ExtResource("4_uou55")]
transform = Transform3D(1, 0, 0, 0, 1, 0, 0, 0, 1, -19.8943, 0, -25.9221)

[node name="Tree96" parent="MapItems/Trees" instance=ExtResource("4_uou55")]
transform = Transform3D(1, 0, 0, 0, 1, 0, 0, 0, 1, -21.2238, 0, -20.3142)

[node name="Tree92" parent="MapItems/Trees" instance=ExtResource("4_uou55")]
transform = Transform3D(1, 0, 0, 0, 1, 0, 0, 0, 1, -26.2716, 0, -24.4255)

[node name="Tree85" parent="MapItems/Trees" instance=ExtResource("4_uou55")]
transform = Transform3D(1, 0, 0, 0, 1, 0, 0, 0, 1, -19.2574, 0, -14.0598)

[node name="Tree18" parent="MapItems/Trees" instance=ExtResource("4_uou55")]
transform = Transform3D(1, 0, 0, 0, 1, 0, 0, 0, 1, -8.80283, 0, -10.1586)

[node name="Tree19" parent="MapItems/Trees" instance=ExtResource("4_uou55")]
transform = Transform3D(1, 0, 0, 0, 1, 0, 0, 0, 1, -11.5573, 0, -7.7954)

[node name="Tree20" parent="MapItems/Trees" instance=ExtResource("4_uou55")]
transform = Transform3D(1, 0, 0, 0, 1, 0, 0, 0, 1, -16.1117, 0, -10.7699)

[node name="Tree95" parent="MapItems/Trees" instance=ExtResource("4_uou55")]
transform = Transform3D(1, 0, 0, 0, 1, 0, 0, 0, 1, -24.8531, 0, -15.579)

[node name="Tree21" parent="MapItems/Trees" instance=ExtResource("4_uou55")]
transform = Transform3D(1, 0, 0, 0, 1, 0, 0, 0, 1, -6.32025, 0, -21.8839)

[node name="Tree22" parent="MapItems/Trees" instance=ExtResource("4_uou55")]
transform = Transform3D(1, 0, 0, 0, 1, 0, 0, 0, 1, -1.86037, 0, -18.9831)

[node name="Tree23" parent="MapItems/Trees" instance=ExtResource("4_uou55")]
transform = Transform3D(1, 0, 0, 0, 1, 0, 0, 0, 1, -6.73828, 0, -16.5136)

[node name="Tree24" parent="MapItems/Trees" instance=ExtResource("4_uou55")]
transform = Transform3D(1, 0, 0, 0, 1, 0, 0, 0, 1, -11.2927, 0, -24.3946)

[node name="Tree86" parent="MapItems/Trees" instance=ExtResource("4_uou55")]
transform = Transform3D(1, 0, 0, 0, 1, 0, 0, 0, 1, -15.9476, 0, -21.457)

[node name="Tree25" parent="MapItems/Trees" instance=ExtResource("4_uou55")]
transform = Transform3D(1, 0, 0, 0, 1, 0, 0, 0, 1, 3.33473, 0, -27.6369)

[node name="Tree26" parent="MapItems/Trees" instance=ExtResource("4_uou55")]
transform = Transform3D(1, 0, 0, 0, 1, 0, 0, 0, 1, 6.08915, 0, -23.7358)

[node name="Tree27" parent="MapItems/Trees" instance=ExtResource("4_uou55")]
transform = Transform3D(1, 0, 0, 0, 1, 0, 0, 0, 1, 3.33473, 0, -21.3725)

[node name="Tree28" parent="MapItems/Trees" instance=ExtResource("4_uou55")]
transform = Transform3D(1, 0, 0, 0, 1, 0, 0, 0, 1, -1.21968, 0, -24.347)

[node name="Tree29" parent="MapItems/Trees" instance=ExtResource("4_uou55")]
transform = Transform3D(1, 0, 0, 0, 1, 0, 0, 0, 1, -8.73797, 0, -5.2341)

[node name="Tree30" parent="MapItems/Trees" instance=ExtResource("4_uou55")]
transform = Transform3D(1, 0, 0, 0, 1, 0, 0, 0, 1, -5.98354, 0, -1.33296)

[node name="Tree31" parent="MapItems/Trees" instance=ExtResource("4_uou55")]
transform = Transform3D(1, 0, 0, 0, 1, 0, 0, 0, 1, -8.73797, 0, 1.03029)

[node name="Tree32" parent="MapItems/Trees" instance=ExtResource("4_uou55")]
transform = Transform3D(1, 0, 0, 0, 1, 0, 0, 0, 1, -13.2924, 0, -1.94418)

[node name="Tree33" parent="MapItems/Trees" instance=ExtResource("4_uou55")]
transform = Transform3D(0.454162, 0, -0.890919, 0, 1, 0, 0.890919, 0, 0.454162, 24.7314, 0, 8.70129)

[node name="Tree34" parent="MapItems/Trees" instance=ExtResource("4_uou55")]
transform = Transform3D(0.454162, 0, -0.890919, 0, 1, 0, 0.890919, 0, 0.454162, 19.5147, 0, 12.927)

[node name="Tree87" parent="MapItems/Trees" instance=ExtResource("4_uou55")]
transform = Transform3D(0.454162, 0, -0.890919, 0, 1, 0, 0.890919, 0, 0.454162, 17.8022, 0, 24.9257)

[node name="Tree88" parent="MapItems/Trees" instance=ExtResource("4_uou55")]
transform = Transform3D(0.454162, 0, -0.890919, 0, 1, 0, 0.890919, 0, 0.454162, 24.78, 0, 18.5782)

[node name="Tree89" parent="MapItems/Trees" instance=ExtResource("4_uou55")]
transform = Transform3D(0.454162, 0, -0.890919, 0, 1, 0, 0.890919, 0, 0.454162, 24.6828, 0, 24.2939)

[node name="Tree35" parent="MapItems/Trees" instance=ExtResource("4_uou55")]
transform = Transform3D(0.454162, 0, -0.890919, 0, 1, 0, 0.890919, 0, 0.454162, 14.3557, 0, 11.5463)

[node name="Tree36" parent="MapItems/Trees" instance=ExtResource("4_uou55")]
transform = Transform3D(0.454162, 0, -0.890919, 0, 1, 0, 0.890919, 0, 0.454162, 17.7921, 0, 6.13783)

[node name="Tree84" parent="MapItems/Trees" instance=ExtResource("4_uou55")]
transform = Transform3D(0.454162, 0, -0.890919, 0, 1, 0, 0.890919, 0, 0.454162, 13.4137, 0, 6.13783)

[node name="Tree37" parent="MapItems/Trees" instance=ExtResource("4_uou55")]
transform = Transform3D(0.454162, 0, -0.890919, 0, 1, 0, 0.890919, 0, 0.454162, -5.50532, 0, 8.11998)

[node name="Tree38" parent="MapItems/Trees" instance=ExtResource("4_uou55")]
transform = Transform3D(0.454162, 0, -0.890919, 0, 1, 0, 0.890919, 0, 0.454162, -7.72997, 0, 12.3457)

[node name="Tree39" parent="MapItems/Trees" instance=ExtResource("4_uou55")]
transform = Transform3D(0.454162, 0, -0.890919, 0, 1, 0, 0.890919, 0, 0.454162, -11.0864, 0, 10.965)

[node name="Tree40" parent="MapItems/Trees" instance=ExtResource("4_uou55")]
transform = Transform3D(0.454162, 0, -0.890919, 0, 1, 0, 0.890919, 0, 0.454162, -10.5048, 0, 5.55653)

[node name="Tree41" parent="MapItems/Trees" instance=ExtResource("4_uou55")]
transform = Transform3D(0.454162, 0, -0.890919, 0, 1, 0, 0.890919, 0, 0.454162, 5.65896, 0, 13.0867)

[node name="Tree100" parent="MapItems/Trees" instance=ExtResource("4_uou55")]
transform = Transform3D(0.454162, 0, -0.890919, 0, 1, 0, 0.890919, 0, 0.454162, 10.1843, 0, 26.115)

[node name="Tree42" parent="MapItems/Trees" instance=ExtResource("4_uou55")]
transform = Transform3D(0.454162, 0, -0.890919, 0, 1, 0, 0.890919, 0, 0.454162, 3.43431, 0, 17.3124)

[node name="Tree43" parent="MapItems/Trees" instance=ExtResource("4_uou55")]
transform = Transform3D(0.454162, 0, -0.890919, 0, 1, 0, 0.890919, 0, 0.454162, -2.29041, 0, 15.056)

[node name="Tree44" parent="MapItems/Trees" instance=ExtResource("4_uou55")]
transform = Transform3D(0.454162, 0, -0.890919, 0, 1, 0, 0.890919, 0, 0.454162, 0.659471, 0, 10.5232)

[node name="Tree45" parent="MapItems/Trees" instance=ExtResource("4_uou55")]
transform = Transform3D(0.454162, 0, -0.890919, 0, 1, 0, 0.890919, 0, 0.454162, -15.201, 0, 13.0867)

[node name="Tree46" parent="MapItems/Trees" instance=ExtResource("4_uou55")]
transform = Transform3D(0.454162, 0, -0.890919, 0, 1, 0, 0.890919, 0, 0.454162, -19.9094, 0, 14.7925)

[node name="Tree47" parent="MapItems/Trees" instance=ExtResource("4_uou55")]
transform = Transform3D(0.454162, 0, -0.890919, 0, 1, 0, 0.890919, 0, 0.454162, -22.6999, 0, 23.8217)

[node name="Tree48" parent="MapItems/Trees" instance=ExtResource("4_uou55")]
transform = Transform3D(0.454162, 0, -0.890919, 0, 1, 0, 0.890919, 0, 0.454162, -25.5263, 0, 15.4231)

[node name="Tree49" parent="MapItems/Trees" instance=ExtResource("4_uou55")]
transform = Transform3D(0.454162, 0, -0.890919, 0, 1, 0, 0.890919, 0, 0.454162, -13.7625, 0, 3.60968)

[node name="Tree50" parent="MapItems/Trees" instance=ExtResource("4_uou55")]
transform = Transform3D(0.454162, 0, -0.890919, 0, 1, 0, 0.890919, 0, 0.454162, -15.9871, 0, 7.8354)

[node name="Tree51" parent="MapItems/Trees" instance=ExtResource("4_uou55")]
transform = Transform3D(0.454162, 0, -0.890919, 0, 1, 0, 0.890919, 0, 0.454162, -19.3435, 0, 9.12797)

[node name="Tree93" parent="MapItems/Trees" instance=ExtResource("4_uou55")]
transform = Transform3D(0.454162, 0, -0.890919, 0, 1, 0, 0.890919, 0, 0.454162, -16.2355, 0, 25.2631)

[node name="Tree94" parent="MapItems/Trees" instance=ExtResource("4_uou55")]
transform = Transform3D(0.454162, 0, -0.890919, 0, 1, 0, 0.890919, 0, 0.454162, -19.9714, 0, 19.5644)

[node name="Tree52" parent="MapItems/Trees" instance=ExtResource("4_uou55")]
transform = Transform3D(0.454162, 0, -0.890919, 0, 1, 0, 0.890919, 0, 0.454162, -18.7619, 0, 1.04622)

[node name="Tree53" parent="MapItems/Trees" instance=ExtResource("4_uou55")]
transform = Transform3D(0.454162, 0, -0.890919, 0, 1, 0, 0.890919, 0, 0.454162, -19.4581, 0, -7.07197)

[node name="Tree54" parent="MapItems/Trees" instance=ExtResource("4_uou55")]
transform = Transform3D(0.454162, 0, -0.890919, 0, 1, 0, 0.890919, 0, 0.454162, -21.6828, 0, -2.84625)

[node name="Tree55" parent="MapItems/Trees" instance=ExtResource("4_uou55")]
transform = Transform3D(0.454162, 0, -0.890919, 0, 1, 0, 0.890919, 0, 0.454162, -25.0392, 0, -4.22692)

[node name="Tree56" parent="MapItems/Trees" instance=ExtResource("4_uou55")]
transform = Transform3D(0.454162, 0, -0.890919, 0, 1, 0, 0.890919, 0, 0.454162, -24.4576, 0, -9.63543)

[node name="Tree57" parent="MapItems/Trees" instance=ExtResource("4_uou55")]
transform = Transform3D(0.454162, 0, -0.890919, 0, 1, 0, 0.890919, 0, 0.454162, -21.0055, 0, 4.51623)

[node name="Tree58" parent="MapItems/Trees" instance=ExtResource("4_uou55")]
transform = Transform3D(0.454162, 0, -0.890919, 0, 1, 0, 0.890919, 0, 0.454162, -23.2301, 0, 8.74195)

[node name="Tree59" parent="MapItems/Trees" instance=ExtResource("4_uou55")]
transform = Transform3D(0.454162, 0, -0.890919, 0, 1, 0, 0.890919, 0, 0.454162, -26.5865, 0, 7.36128)

[node name="Tree60" parent="MapItems/Trees" instance=ExtResource("4_uou55")]
transform = Transform3D(0.454162, 0, -0.890919, 0, 1, 0, 0.890919, 0, 0.454162, -26.005, 0, 1.95278)

[node name="Tree61" parent="MapItems/Trees" instance=ExtResource("4_uou55")]
transform = Transform3D(0.454162, 0, -0.890919, 0, 1, 0, 0.890919, 0, 0.454162, -5.61159, 0, 19.147)

[node name="Tree62" parent="MapItems/Trees" instance=ExtResource("4_uou55")]
transform = Transform3D(0.454162, 0, -0.890919, 0, 1, 0, 0.890919, 0, 0.454162, -7.83624, 0, 23.76)

[node name="Tree63" parent="MapItems/Trees" instance=ExtResource("4_uou55")]
transform = Transform3D(0.454162, 0, -0.890919, 0, 1, 0, 0.890919, 0, 0.454162, -13.3028, 0, 21.3236)

[node name="Tree64" parent="MapItems/Trees" instance=ExtResource("4_uou55")]
transform = Transform3D(0.454162, 0, -0.890919, 0, 1, 0, 0.890919, 0, 0.454162, -10.6111, 0, 15.9151)

[node name="Tree65" parent="MapItems/Trees" instance=ExtResource("4_uou55")]
transform = Transform3D(0.454162, 0, -0.890919, 0, 1, 0, 0.890919, 0, 0.454162, 16.0733, 0, 18.4785)

[node name="Tree66" parent="MapItems/Trees" instance=ExtResource("4_uou55")]
transform = Transform3D(0.454162, 0, -0.890919, 0, 1, 0, 0.890919, 0, 0.454162, 13.6617, 0, 22.7043)

[node name="Tree67" parent="MapItems/Trees" instance=ExtResource("4_uou55")]
transform = Transform3D(0.454162, 0, -0.890919, 0, 1, 0, 0.890919, 0, 0.454162, 8.52527, 0, 21.3236)

[node name="Tree68" parent="MapItems/Trees" instance=ExtResource("4_uou55")]
transform = Transform3D(0.454162, 0, -0.890919, 0, 1, 0, 0.890919, 0, 0.454162, 9.10685, 0, 15.9151)

[node name="Tree69" parent="MapItems/Trees" instance=ExtResource("4_uou55")]
transform = Transform3D(0.454162, 0, -0.890919, 0, 1, 0, 0.890919, 0, 0.454162, 5.12289, 0, 22.4495)

[node name="Tree70" parent="MapItems/Trees" instance=ExtResource("4_uou55")]
transform = Transform3D(0.454162, 0, -0.890919, 0, 1, 0, 0.890919, 0, 0.454162, 2.89824, 0, 26.6752)

[node name="Tree71" parent="MapItems/Trees" instance=ExtResource("4_uou55")]
transform = Transform3D(0.454162, 0, -0.890919, 0, 1, 0, 0.890919, 0, 0.454162, -0.458179, 0, 25.2946)

[node name="Tree72" parent="MapItems/Trees" instance=ExtResource("4_uou55")]
transform = Transform3D(0.454162, 0, -0.890919, 0, 1, 0, 0.890919, 0, 0.454162, 0.123398, 0, 19.8861)

[node name="Tree73" parent="MapItems/Trees" instance=ExtResource("4_uou55")]
transform = Transform3D(0.454162, 0, -0.890919, 0, 1, 0, 0.890919, 0, 0.454162, 25.6559, 0, -2.16365)

[node name="Tree74" parent="MapItems/Trees" instance=ExtResource("4_uou55")]
transform = Transform3D(0.454162, 0, -0.890919, 0, 1, 0, 0.890919, 0, 0.454162, 23.4313, 0, 2.06207)

[node name="Tree75" parent="MapItems/Trees" instance=ExtResource("4_uou55")]
transform = Transform3D(0.454162, 0, -0.890919, 0, 1, 0, 0.890919, 0, 0.454162, 20.0748, 0, 0.681392)

[node name="Tree76" parent="MapItems/Trees" instance=ExtResource("4_uou55")]
transform = Transform3D(0.454162, 0, -0.890919, 0, 1, 0, 0.890919, 0, 0.454162, 20.6564, 0, -4.72711)

[node name="Tree77" parent="MapItems/Trees" instance=ExtResource("4_uou55")]
transform = Transform3D(-0.716046, 0, 0.698053, 0, 1, 0, -0.698053, 0, -0.716046, 17.0192, 0, -8.93071)

[node name="Tree78" parent="MapItems/Trees" instance=ExtResource("4_uou55")]
transform = Transform3D(-0.716046, 0, 0.698053, 0, 1, 0, -0.698053, 0, -0.716046, 15.7812, 0, -13.6468)

[node name="Tree79" parent="MapItems/Trees" instance=ExtResource("4_uou55")]
transform = Transform3D(-0.716046, 0, 0.698053, 0, 1, 0, -0.698053, 0, -0.716046, 21.3921, 0, -13.4163)

[node name="Tree80" parent="MapItems/Trees" instance=ExtResource("4_uou55")]
transform = Transform3D(-0.716046, 0, 0.698053, 0, 1, 0, -0.698053, 0, -0.716046, 22.5769, 0, -8.10722)

[node name="Lanterns" type="Node3D" parent="MapItems"]
transform = Transform3D(1, 0, 0, 0, 1, 0, 0, 0, 1, -3.39175, 0, 0)

[node name="Lantern1" parent="MapItems/Lanterns" instance=ExtResource("4_rg0dv")]
transform = Transform3D(1, 0, 0, 0, 1, 0, 0, 0, 1, -8.73874, 0, -17.9322)

[node name="Lantern2" parent="MapItems/Lanterns" instance=ExtResource("4_rg0dv")]
transform = Transform3D(1, 0, 0, 0, 1, 0, 0, 0, 1, 1.49102, 0, 0)

[node name="Lantern13" parent="MapItems/Lanterns" instance=ExtResource("4_rg0dv")]
transform = Transform3D(1, 0, 0, 0, 1, 0, 0, 0, 1, -1.14343, 0, 24.4778)

[node name="Lantern9" parent="MapItems/Lanterns" instance=ExtResource("4_rg0dv")]
transform = Transform3D(1, 0, 0, 0, 1, 0, 0, 0, 1, -18.6553, 0, 0)

[node name="Lantern10" parent="MapItems/Lanterns" instance=ExtResource("4_rg0dv")]
transform = Transform3D(1, 0, 0, 0, 1, 0, 0, 0, 1, 0.378483, 0, -28.1693)

[node name="Lantern3" parent="MapItems/Lanterns" instance=ExtResource("4_rg0dv")]
transform = Transform3D(1, 0, 0, 0, 1, 0, 0, 0, 1, -10.7679, 0, 17.6709)

[node name="Lantern4" parent="MapItems/Lanterns" instance=ExtResource("4_rg0dv")]
transform = Transform3D(1, 0, 0, 0, 1, 0, 0, 0, 1, 9.70687, 0, 18.42)

[node name="Lantern8" parent="MapItems/Lanterns" instance=ExtResource("4_rg0dv")]
transform = Transform3D(1, 0, 0, 0, 1, 0, 0, 0, 1, 23.6352, 0, 18.5924)

[node name="Lantern5" parent="MapItems/Lanterns" instance=ExtResource("4_rg0dv")]
transform = Transform3D(1, 0, 0, 0, 1, 0, 0, 0, 1, 9.05793, 0, -14.0468)

[node name="Lantern11" parent="MapItems/Lanterns" instance=ExtResource("4_rg0dv")]
transform = Transform3D(1, 0, 0, 0, 1, 0, 0, 0, 1, 25.1643, 0, -21.6482)

[node name="Lantern6" parent="MapItems/Lanterns" instance=ExtResource("4_rg0dv")]
transform = Transform3D(1, 0, 0, 0, 1, 0, 0, 0, 1, 29.5866, 0, 0)

[node name="Lantern12" parent="MapItems/Lanterns" instance=ExtResource("4_rg0dv")]
transform = Transform3D(1, 0, 0, 0, 1, 0, 0, 0, 1, 16.2229, 0, -1.96164)

[node name="Lantern7" parent="MapItems/Lanterns" instance=ExtResource("4_rg0dv")]
transform = Transform3D(1, 0, 0, 0, 1, 0, 0, 0, 1, 29.5866, -16.6998, -13.0602)

[node name="Bushes" type="Node3D" parent="MapItems"]

[node name="Short" type="Node3D" parent="MapItems/Bushes"]

[node name="ShortBush1" parent="MapItems/Bushes/Short" instance=ExtResource("5_eqkcl")]
transform = Transform3D(1, 0, 0, 0, 1, 0, 0, 0, 1, 1.00766, 0.240475, -21.5165)

[node name="ShortBush2" parent="MapItems/Bushes/Short" instance=ExtResource("5_eqkcl")]
transform = Transform3D(1, 0, 0, 0, 1, 0, 0, 0, 1, 15.4676, 0.240475, 0)

[node name="ShortBush3" parent="MapItems/Bushes/Short" instance=ExtResource("5_eqkcl")]
transform = Transform3D(1, 0, 0, 0, 1, 0, 0, 0, 1, -1.89473, 0.240475, 9.55899)

[node name="ShortBush4" parent="MapItems/Bushes/Short" instance=ExtResource("5_eqkcl")]
transform = Transform3D(1, 0, 0, 0, 1, 0, 0, 0, 1, -5.35617, 0.240475, -12.6317)

[node name="ShortBush5" parent="MapItems/Bushes/Short" instance=ExtResource("5_eqkcl")]
transform = Transform3D(1, 0, 0, 0, 1, 0, 0, 0, 1, 9.76297, 0.240475, -12.9989)

[node name="ShortBush6" parent="MapItems/Bushes/Short" instance=ExtResource("5_eqkcl")]
transform = Transform3D(1, 0, 0, 0, 1, 0, 0, 0, 1, 9.76297, 0.240475, -12.9989)

[node name="ShortBush7" parent="MapItems/Bushes/Short" instance=ExtResource("5_eqkcl")]
transform = Transform3D(1, 0, 0, 0, 1, 0, 0, 0, 1, 9.76297, 0.240475, -12.9989)

[node name="ShortBush8" parent="MapItems/Bushes/Short" instance=ExtResource("5_eqkcl")]
transform = Transform3D(1, 0, 0, 0, 1, 0, 0, 0, 1, 9.76297, 0.240475, -12.9989)

[node name="Tall" type="Node3D" parent="MapItems/Bushes"]

[node name="TallBush1" parent="MapItems/Bushes/Tall" instance=ExtResource("6_etw86")]
transform = Transform3D(1, 0, 0, 0, 1, 0, 0, 0, 1, -0.420568, 0.237694, 1.84401)

[node name="TallBush4" parent="MapItems/Bushes/Tall" instance=ExtResource("6_etw86")]
transform = Transform3D(1, 0, 0, 0, 1, 0, 0, 0, 1, -0.420568, 0.237694, 1.84401)

[node name="TallBush3" parent="MapItems/Bushes/Tall" instance=ExtResource("6_etw86")]
transform = Transform3D(1, 0, 0, 0, 1, 0, 0, 0, 1, -0.420568, 0.237694, 1.84401)

[node name="TallBush2" parent="MapItems/Bushes/Tall" instance=ExtResource("6_etw86")]
transform = Transform3D(1, 0, 0, 0, 1, 0, 0, 0, 1, -4.35808, 0.237694, -4.89711)

[node name="TallBush5" parent="MapItems/Bushes/Tall" instance=ExtResource("6_etw86")]
transform = Transform3D(1, 0, 0, 0, 1, 0, 0, 0, 1, 4.95601, 0.237694, 11.093)

[node name="TallBush6" parent="MapItems/Bushes/Tall" instance=ExtResource("6_etw86")]
transform = Transform3D(1, 0, 0, 0, 1, 0, 0, 0, 1, 18.3807, 0.237694, 3.84097)

[node name="TallBush7" parent="MapItems/Bushes/Tall" instance=ExtResource("6_etw86")]
transform = Transform3D(1, 0, 0, 0, 1, 0, 0, 0, 1, 4.95601, 0.237694, -19.6478)

[node name="TallBush9" parent="MapItems/Bushes/Tall" instance=ExtResource("6_etw86")]
transform = Transform3D(1, 0, 0, 0, 1, 0, 0, 0, 1, -18.483, 0.237694, -4.72844)

[node name="TallBush8" parent="MapItems/Bushes/Tall" instance=ExtResource("6_etw86")]
transform = Transform3D(1, 0, 0, 0, 1, 0, 0, 0, 1, -11.1293, 0.237694, 13.8939)

[node name="Fountain" parent="MapItems" instance=ExtResource("7_satwi")]
transform = Transform3D(1, 0, 0, 0, 1, 0, 0, 0, 1, -5.09625, 0, 3.68091)

[node name="Coins" type="Node3D" parent="MapItems"]
transform = Transform3D(1, 0, 0, 0, 1, 0, 0, 0, 1, -0.0271025, 0.78948, -0.00307941)

[node name="Coin1" parent="MapItems/Coins" instance=ExtResource("5_cos7q")]
transform = Transform3D(0.999997, 0.00201457, -0.00141916, -0.00201206, 0.999996, 0.00177626, 0.00142272, -0.00177341, 0.999997, 24.7811, 0, -15.9089)

[node name="Coin2" parent="MapItems/Coins" instance=ExtResource("5_cos7q")]
transform = Transform3D(0.999997, 0.00201457, -0.00141916, -0.00201206, 0.999996, 0.00177626, 0.00142272, -0.00177341, 0.999997, -6.39753, 0, 25.2749)

[node name="Coin3" parent="MapItems/Coins" instance=ExtResource("5_cos7q")]
transform = Transform3D(0.999997, 0.00201457, -0.00141916, -0.00201206, 0.999996, 0.00177626, 0.00142272, -0.00177341, 0.999997, 18.9479, 0, 1.46822)

[node name="Coin4" parent="MapItems/Coins" instance=ExtResource("5_cos7q")]
transform = Transform3D(0.999997, 0.00201457, -0.00141916, -0.00201206, 0.999996, 0.00177626, 0.00142272, -0.00177341, 0.999997, -5.70364, 0, -14.3314)

[node name="Coin5" parent="MapItems/Coins" instance=ExtResource("5_cos7q")]
transform = Transform3D(0.999997, 0.00201457, -0.00141916, -0.00201206, 0.999996, 0.00177626, 0.00142272, -0.00177341, 0.999997, -19.9642, 0, -5.11616)

[node name="Coin7" parent="MapItems/Coins" instance=ExtResource("5_cos7q")]
transform = Transform3D(0.999997, 0.00201457, -0.00141916, -0.00201206, 0.999996, 0.00177626, 0.00142272, -0.00177341, 0.999997, 26.6725, 0, 19.3846)

[node name="Coin6" parent="MapItems/Coins" instance=ExtResource("5_cos7q")]
transform = Transform3D(0.999997, 0.00201457, -0.00141916, -0.00201206, 0.999996, 0.00177626, 0.00142272, -0.00177341, 0.999997, -5.0368, 1.09326, 3.67626)

[node name="FakeSkyPlayerLimit" type="StaticBody3D" parent="."]

[node name="MeshInstance3D" type="MeshInstance3D" parent="FakeSkyPlayerLimit"]
transform = Transform3D(0.998919, 0, 0, 0, 0.998919, 0, 0, 0, 0.998919, 0, 0, 0)
mesh = SubResource("BoxMesh_h7d4f")

[node name="CollisionShape3D" type="CollisionShape3D" parent="FakeSkyPlayerLimit"]
process_mode = 4
physics_interpolation_mode = 2
transform = Transform3D(60, 0, 0, 0, 60, 0, 0, 0, 60, 0, 0, -60)
shape = SubResource("BoxShape3D_764lj")

[node name="CollisionShape3D2" type="CollisionShape3D" parent="FakeSkyPlayerLimit"]
process_mode = 4
physics_interpolation_mode = 2
transform = Transform3D(60, 0, 0, 0, 60, 0, 0, 0, 60, 0, 0, 60)
shape = SubResource("BoxShape3D_764lj")

[node name="CollisionShape3D3" type="CollisionShape3D" parent="FakeSkyPlayerLimit"]
process_mode = 4
physics_interpolation_mode = 2
transform = Transform3D(60, 0, 0, 0, 60, 0, 0, 0, 60, 60, 0, 0)
shape = SubResource("BoxShape3D_764lj")

[node name="CollisionShape3D4" type="CollisionShape3D" parent="FakeSkyPlayerLimit"]
process_mode = 4
physics_interpolation_mode = 2
transform = Transform3D(60, 0, 0, 0, 60, 0, 0, 0, 60, -60, 0, 0)
shape = SubResource("BoxShape3D_764lj")

[node name="CanvasLayer" type="CanvasLayer" parent="."]

[node name="Panel" type="Panel" parent="CanvasLayer"]
offset_left = 21.0
offset_top = 15.0
offset_right = 149.0
offset_bottom = 47.0

[node name="Minutes" type="Label" parent="CanvasLayer/Panel"]
layout_mode = 0
offset_left = -2.0
offset_top = 5.0
offset_right = 38.0
offset_bottom = 28.0
text = "00:"
horizontal_alignment = 2

[node name="Seconds" type="Label" parent="CanvasLayer/Panel"]
layout_mode = 0
offset_left = 40.0
offset_top = 5.0
offset_right = 80.0
offset_bottom = 28.0
text = "00:"
horizontal_alignment = 2

[node name="Msec" type="Label" parent="CanvasLayer/Panel"]
layout_mode = 0
offset_left = 77.0
offset_top = 5.0
offset_right = 117.0
offset_bottom = 28.0
text = "00"
horizontal_alignment = 2
